NAME: AP_100-2
n: 100
c_ij:
86	28	51	54	76	42	43	40	11	65	68	57	99	49	19	94	27	7	30	21	92	44	5	29	11	47	78	100	85	42	19	39	78	68	80	24	21	54	38	97	9	72	39	24	57	6	9	19	45	53	99	18	17	32	28	80	72	91	92	44	31	61	30	75	16	91	47	51	63	39	70	65	33	19	55	48	48	33	25	11	89	14	41	7	57	35	9	71	16	67	88	35	65	29	15	8	9	82	100	14
84	19	33	83	83	80	30	10	82	24	77	98	15	12	19	84	46	90	31	100	61	14	92	45	58	87	25	84	78	64	86	74	98	23	60	23	89	87	41	24	23	34	47	52	8	27	78	86	32	90	91	95	93	95	78	19	99	45	49	26	95	25	84	94	90	77	94	7	59	48	55	47	77	77	92	96	81	6	91	89	39	8	69	40	67	42	77	33	33	26	73	26	10	78	85	83	67	23	54	31
17	51	65	65	12	100	73	92	44	15	24	86	25	73	52	93	60	7	8	33	92	31	29	68	21	48	50	100	28	91	8	92	12	22	80	26	70	72	43	46	12	34	28	77	69	42	73	22	63	28	97	40	39	80	77	44	47	6	43	20	39	57	8	74	58	48	25	91	62	47	62	8	47	73	86	10	21	96	32	84	35	82	10	73	7	23	42	88	55	41	53	7	61	55	42	52	65	69	99	33
67	23	49	16	35	18	8	36	9	84	47	38	42	79	77	94	82	90	95	65	29	74	94	47	13	65	64	57	73	50	14	6	33	52	52	29	60	11	54	89	92	86	57	62	95	93	16	73	70	48	55	13	27	43	83	81	20	20	24	13	50	12	15	70	81	19	69	94	16	71	60	34	43	62	92	96	43	48	95	34	94	51	89	74	34	15	88	38	32	93	90	33	7	62	72	95	63	88	88	92
29	87	78	86	8	75	77	27	34	26	26	23	17	73	39	25	34	73	71	99	72	69	73	87	77	5	63	95	22	14	56	67	52	68	38	91	100	74	65	56	18	59	37	64	39	17	45	26	76	32	93	93	64	70	14	6	74	17	87	71	72	73	13	93	24	46	27	18	11	51	73	81	20	95	34	81	9	76	100	55	12	65	59	95	33	48	46	29	30	96	40	34	47	90	36	28	71	12	32	43
56	94	19	54	40	11	37	68	78	80	98	92	24	70	97	7	72	20	90	17	78	31	88	92	48	100	33	60	7	64	74	42	6	25	23	26	84	54	92	35	28	14	80	35	30	79	28	28	88	87	10	60	34	99	85	78	75	87	48	45	34	44	19	34	46	5	93	83	86	39	61	52	8	90	52	36	42	97	42	63	45	87	25	32	33	37	59	37	5	65	43	78	82	86	5	16	55	8	77	29
60	89	34	30	82	7	83	100	59	32	20	27	61	13	19	33	16	23	94	100	13	93	57	46	70	10	91	57	31	92	10	50	63	33	100	29	81	6	77	51	54	14	14	6	99	100	68	69	28	65	12	30	10	41	58	52	66	69	41	88	11	100	67	80	11	88	65	44	8	98	25	63	27	44	6	99	67	88	54	93	86	79	65	18	70	48	100	31	95	50	96	49	85	33	95	63	78	14	29	37
49	55	56	47	16	65	71	16	39	68	75	28	81	36	44	67	62	51	49	16	26	19	88	44	95	20	89	23	64	88	85	63	23	64	27	65	7	43	52	96	25	72	75	47	77	47	51	94	88	68	7	80	48	54	81	47	97	24	22	88	77	14	35	30	57	76	65	38	68	55	56	9	82	30	19	7	25	39	58	42	40	79	88	38	87	71	43	55	14	77	96	17	15	29	38	56	21	67	53	47
86	18	91	11	6	52	78	48	58	54	71	64	91	86	66	8	49	44	93	77	78	93	87	16	94	53	13	75	92	51	26	56	80	50	39	22	56	90	6	8	37	50	23	87	28	26	67	16	98	66	34	78	90	75	94	9	73	28	62	13	47	42	72	31	9	46	49	53	80	86	90	50	67	8	61	13	46	53	72	16	13	32	69	65	47	51	79	18	27	52	63	25	79	39	17	59	10	89	97	97
22	79	24	48	86	79	30	86	67	52	62	63	45	44	85	33	83	90	60	10	58	26	15	18	21	63	59	65	40	15	97	38	51	82	44	20	61	22	14	69	37	43	23	99	8	84	38	55	28	14	7	85	18	97	81	41	49	54	39	29	79	95	35	28	14	32	33	66	88	38	61	66	87	20	76	86	5	20	68	84	54	69	26	87	11	28	68	74	79	96	22	78	40	37	65	39	24	15	80	80
19	69	99	39	72	54	68	32	42	75	88	67	35	96	71	11	18	61	44	25	84	69	83	36	70	99	10	89	83	82	61	39	36	5	25	31	82	85	57	86	39	59	70	75	87	62	8	34	41	16	8	26	67	60	86	46	77	34	70	63	23	35	45	34	11	19	80	41	18	52	78	7	47	61	99	89	80	45	23	38	22	38	28	39	80	28	10	84	72	35	25	22	13	10	19	91	12	59	55	16
30	36	80	90	50	91	33	73	68	100	34	58	85	44	26	83	28	56	64	41	49	72	10	56	10	40	24	86	99	73	30	56	66	94	44	80	72	83	91	90	12	96	81	73	22	95	55	20	96	12	26	23	90	23	81	85	19	34	94	51	36	23	90	36	24	52	31	78	30	69	84	87	92	11	71	54	72	90	65	58	17	20	45	99	21	31	47	77	6	64	6	70	24	76	18	52	19	92	12	65
40	69	58	23	98	54	19	16	80	51	8	45	75	22	57	64	20	18	9	50	30	100	5	16	30	62	71	33	95	85	24	26	21	78	36	41	95	67	61	73	48	61	28	93	62	32	98	6	8	80	89	81	95	27	95	51	32	92	62	31	34	96	95	17	38	28	77	19	82	92	64	13	81	48	99	14	35	46	77	59	87	83	67	77	90	37	32	93	54	21	100	24	37	39	41	15	27	83	70	46
64	38	92	99	87	41	40	66	88	26	6	17	97	85	36	46	27	62	69	28	54	71	28	25	24	62	23	51	82	93	95	36	35	61	29	31	85	50	89	86	50	47	43	68	28	40	99	71	6	10	45	68	89	60	28	62	97	44	75	91	88	92	54	43	11	80	16	55	11	95	41	7	31	7	61	22	13	70	31	65	38	40	49	83	63	67	33	62	77	34	36	33	84	17	96	96	72	16	72	20
72	85	34	5	75	95	36	60	28	100	34	11	23	22	43	28	15	44	27	6	58	96	36	76	42	68	9	65	7	66	45	20	42	40	75	31	94	75	92	17	67	78	51	53	58	22	85	30	34	29	91	80	53	61	84	88	44	25	13	95	74	11	78	27	59	45	8	61	32	10	34	47	26	86	64	26	28	12	40	87	38	100	41	73	77	28	79	60	71	54	49	11	19	27	27	98	28	20	28	42
45	89	42	61	48	48	53	37	23	96	62	27	80	37	10	89	29	49	18	41	14	9	93	85	100	34	13	95	76	80	29	70	43	24	39	64	38	23	60	70	68	99	61	86	24	65	13	16	23	81	38	54	47	32	69	33	98	21	85	29	76	97	42	91	48	35	62	81	60	29	39	94	46	14	10	66	41	35	70	62	74	36	8	57	98	56	14	72	8	36	55	81	98	28	96	34	65	43	63	55
85	91	5	81	66	71	36	94	57	21	53	69	45	45	73	73	71	38	83	66	90	8	35	20	30	95	31	46	80	76	42	63	64	35	62	33	35	80	90	87	21	36	11	51	58	55	16	72	79	77	93	58	34	12	88	47	54	20	7	40	31	25	18	96	13	47	22	17	55	15	60	48	70	64	71	30	63	30	46	52	94	38	14	26	78	9	12	66	83	27	81	24	22	11	38	67	60	81	97	91
19	77	94	81	97	27	94	32	45	69	44	77	32	32	95	47	71	14	92	16	97	71	24	97	52	56	83	47	90	39	8	57	37	37	64	42	60	53	67	84	56	49	23	86	74	46	67	21	18	8	79	21	23	17	36	60	51	40	81	30	89	35	17	29	94	89	61	56	42	76	80	89	28	85	73	49	8	56	99	30	71	76	86	60	54	51	73	76	68	82	29	59	54	38	12	23	40	43	87	15
66	93	41	83	100	39	9	46	41	26	27	40	75	10	12	14	14	21	9	70	84	31	69	61	32	43	73	21	77	16	69	84	70	71	10	16	18	43	69	98	24	36	87	87	34	54	65	22	61	85	37	17	51	85	42	84	71	50	56	35	77	55	8	33	52	69	51	55	51	97	18	52	48	30	45	72	46	5	51	89	57	28	90	70	66	93	10	85	20	84	74	42	58	27	17	48	85	85	94	78
32	53	46	18	87	85	55	8	53	71	60	5	36	89	77	78	48	84	16	30	8	45	8	83	42	68	27	84	49	77	19	69	46	86	29	81	97	18	99	22	43	38	98	98	66	7	54	99	44	19	97	16	27	92	67	38	43	19	52	30	9	31	22	89	79	16	54	26	57	23	59	51	42	28	12	73	72	74	29	98	62	87	22	83	18	77	88	85	66	66	22	53	90	7	65	92	92	6	63	15
11	65	21	88	48	97	90	93	96	67	71	71	81	81	52	55	24	46	46	66	72	48	17	44	49	99	38	28	88	53	41	64	13	23	33	37	85	71	83	99	62	10	32	74	75	34	30	93	48	8	84	45	59	58	98	23	71	20	15	46	56	94	27	82	40	84	72	73	10	84	14	8	41	13	36	62	50	20	93	66	32	97	38	89	41	10	37	29	59	22	6	83	82	84	22	20	69	61	22	29
11	5	5	42	56	29	27	5	50	22	91	40	65	95	99	33	95	25	65	97	20	94	41	67	39	45	54	85	59	87	59	59	78	92	68	46	85	78	26	13	35	72	42	34	68	13	48	33	24	88	89	26	76	99	75	64	49	55	14	16	50	75	91	28	39	81	75	35	22	59	11	85	12	72	35	53	53	76	54	11	66	25	85	45	48	86	73	30	52	91	43	79	91	100	55	45	36	41	80	89
57	14	61	99	32	72	5	59	43	30	86	94	91	64	77	79	41	61	13	38	6	11	75	55	23	39	13	28	68	40	40	61	55	30	65	59	75	99	84	77	48	29	31	9	62	60	7	21	75	40	22	40	81	59	69	92	90	52	26	69	76	74	33	61	68	96	64	22	69	59	82	85	23	43	86	62	87	88	18	5	64	81	16	21	8	45	17	14	7	33	59	53	62	65	63	90	64	43	56	56
5	37	96	82	29	9	29	90	36	30	85	62	14	69	91	73	40	19	30	23	93	33	20	47	55	31	62	27	90	76	11	93	12	92	48	42	38	23	90	45	27	100	67	20	10	29	40	90	6	74	97	21	73	35	55	49	11	48	92	26	99	59	17	83	92	7	91	73	21	10	48	56	35	31	15	27	15	82	5	15	30	97	99	91	5	55	99	42	67	55	60	33	74	8	80	40	26	76	63	91
90	84	8	71	35	43	9	56	12	15	40	78	86	6	66	18	84	67	85	40	75	90	40	67	67	62	64	53	63	46	46	82	79	85	91	71	47	17	91	38	80	6	92	93	35	58	100	77	66	98	56	34	78	59	86	70	97	37	37	55	21	59	69	97	56	90	36	85	16	56	8	8	87	50	69	7	59	71	97	96	62	38	73	97	27	24	7	87	85	91	84	49	9	90	50	83	65	55	48	55
75	81	91	40	62	68	17	14	78	80	59	28	60	10	61	44	86	21	36	95	28	83	22	16	69	65	51	5	44	23	68	37	83	70	25	46	96	54	6	70	65	48	55	67	64	37	58	38	12	32	62	91	15	10	77	49	80	22	89	37	72	100	37	52	71	33	44	17	57	36	7	17	14	28	10	87	23	20	9	39	25	25	54	85	20	43	89	29	75	22	73	91	90	86	24	66	61	54	84	39
8	73	97	83	45	54	76	41	8	58	75	93	79	44	65	41	95	8	74	41	62	71	30	74	78	81	94	62	91	60	59	12	40	34	55	86	25	31	81	74	11	80	71	24	41	79	74	36	34	54	12	22	70	10	72	88	61	80	63	23	92	54	75	69	74	32	99	86	12	6	69	49	73	29	12	38	8	48	37	71	93	5	87	24	89	34	69	86	22	7	40	20	62	59	93	67	52	99	73	42
35	86	19	60	63	67	60	92	70	82	96	78	62	29	62	14	44	13	50	73	90	18	69	99	99	64	30	6	72	43	24	66	77	95	90	89	79	13	25	10	77	31	34	43	23	20	90	87	84	80	56	13	65	19	40	21	21	6	22	16	88	91	37	78	45	89	70	50	68	74	94	13	99	91	84	31	82	34	78	79	80	73	72	59	83	14	66	90	36	99	86	65	78	32	87	21	73	67	40	13
62	28	90	72	14	70	38	67	21	68	74	8	49	93	98	59	49	98	60	87	21	20	96	59	46	100	94	65	76	94	100	30	53	86	68	41	55	39	77	88	90	73	7	31	73	43	45	60	34	21	27	63	62	94	47	91	70	84	34	56	28	12	10	99	48	64	86	48	57	16	89	13	43	51	38	27	94	88	86	49	24	38	100	97	55	27	92	42	39	18	95	21	26	72	19	86	53	23	53	38
19	64	27	41	43	74	76	43	67	6	24	58	46	5	24	30	8	82	25	83	67	23	96	96	6	44	75	88	32	16	40	77	57	52	76	89	64	34	33	70	72	31	91	71	38	67	35	52	42	73	78	57	80	6	41	29	30	59	92	27	65	40	85	74	35	28	37	64	29	52	43	96	94	10	7	80	10	88	30	12	82	69	31	69	77	59	11	60	100	43	10	24	32	96	85	42	73	44	32	23
72	86	34	77	42	91	51	42	84	51	48	28	81	59	49	84	7	48	80	35	54	25	27	70	54	24	80	44	56	98	31	28	32	33	63	90	53	54	87	61	50	78	8	13	7	23	73	26	8	31	27	36	47	87	52	50	88	27	99	66	30	52	83	89	23	30	87	52	45	93	5	98	81	87	47	44	86	52	95	65	52	99	89	54	27	71	81	53	54	56	41	81	19	44	39	95	80	100	15	58
76	35	38	47	58	90	96	53	66	98	62	40	88	72	32	96	80	31	72	77	66	94	86	96	100	16	54	38	75	31	70	21	90	49	90	77	32	63	11	63	90	55	87	54	36	51	33	69	26	34	70	83	94	99	86	60	21	33	60	27	51	87	44	55	61	52	12	78	85	18	15	19	57	36	50	56	25	24	58	89	70	86	77	32	19	48	34	100	70	71	61	25	10	72	84	6	95	89	94	100
72	21	27	54	11	88	72	26	77	12	36	67	58	45	76	71	15	14	60	67	96	6	83	22	48	48	54	16	85	96	13	20	38	76	13	41	10	7	49	51	66	13	11	31	21	33	85	21	19	85	67	44	62	6	35	87	93	90	20	32	97	81	95	85	52	26	33	25	28	89	95	66	35	45	54	57	96	80	93	96	9	24	38	88	58	52	81	58	81	42	70	46	61	23	21	23	42	67	90	23
6	8	7	34	79	82	50	57	36	98	42	51	82	76	61	55	35	19	50	13	61	64	90	80	11	68	81	37	26	45	13	28	18	8	59	45	30	42	9	66	6	21	19	40	51	5	45	31	73	12	88	72	44	26	60	23	46	93	95	13	42	49	63	80	20	67	93	71	75	80	99	96	5	72	48	79	61	5	74	54	71	71	15	64	15	48	78	13	56	24	50	99	73	83	21	90	44	76	52	75
44	62	18	88	75	66	36	14	46	19	55	57	32	49	80	5	84	99	29	75	45	46	93	98	63	26	8	34	9	79	64	35	77	48	68	20	46	97	13	62	41	25	45	59	84	85	42	37	48	72	86	75	42	46	92	31	39	52	56	88	80	47	63	33	90	37	28	31	21	47	100	24	72	90	12	81	22	44	23	75	50	22	45	47	95	26	83	76	96	10	33	61	76	16	8	33	79	11	27	47
82	71	85	32	42	11	89	69	88	93	36	27	76	63	61	81	24	37	82	31	5	65	7	52	22	28	64	53	72	10	67	10	74	51	49	29	73	95	53	17	22	70	99	47	63	57	25	27	20	41	79	84	67	94	16	51	96	64	63	45	94	16	61	50	55	23	20	9	99	87	35	22	43	71	73	49	84	69	78	39	36	7	54	59	40	6	77	89	21	50	83	28	74	8	65	86	21	87	28	77
68	26	29	27	70	32	62	41	53	62	58	35	47	43	11	24	95	92	7	34	45	5	95	41	61	39	38	66	45	64	71	42	67	10	62	70	95	22	62	82	39	73	54	66	10	88	42	38	59	53	60	8	76	49	66	15	46	28	44	75	45	30	48	15	81	46	45	53	86	64	98	91	15	66	22	12	76	5	20	49	55	45	88	71	97	68	75	34	70	18	85	93	43	76	16	96	27	48	70	65
15	61	16	99	71	52	74	89	99	68	33	34	17	42	60	15	76	23	6	75	61	70	60	52	62	42	74	31	46	65	75	65	27	96	53	77	96	7	43	58	31	95	93	66	49	46	85	78	19	29	69	10	82	61	39	44	40	69	27	14	21	99	69	6	90	36	99	8	11	80	18	76	65	79	15	48	100	70	44	30	72	20	63	99	44	85	77	99	13	28	9	53	59	62	11	61	20	9	76	76
60	12	59	21	61	43	42	8	86	97	92	100	18	68	11	80	38	79	90	69	83	44	35	21	56	79	77	8	46	62	78	30	58	5	46	53	43	65	21	82	34	35	39	63	56	71	48	29	77	89	18	30	8	21	94	17	31	81	9	83	70	46	25	52	23	49	41	93	99	58	13	22	34	48	87	14	95	39	41	43	87	83	16	53	52	88	46	22	92	12	47	36	24	97	63	68	33	57	8	31
18	31	31	90	15	25	83	67	26	84	97	12	24	64	54	86	98	94	48	68	50	70	67	32	80	65	53	94	35	24	99	65	14	13	50	5	78	65	7	12	85	86	59	98	91	77	78	62	73	87	80	64	94	44	87	68	9	50	47	87	59	12	83	52	48	62	34	10	63	86	97	7	88	28	65	46	98	77	16	72	52	56	94	73	99	9	17	89	49	30	58	87	97	23	5	77	68	33	92	51
90	96	84	22	48	22	17	75	54	92	29	85	36	85	96	58	98	55	23	70	45	76	38	12	57	39	87	81	39	7	56	30	96	28	61	31	19	30	30	38	100	99	22	53	39	21	33	20	16	58	62	17	44	42	16	38	54	23	51	25	46	15	68	59	56	67	86	64	56	100	51	45	8	95	51	73	52	69	32	21	69	52	22	15	75	22	65	27	23	30	50	66	11	9	93	59	83	9	36	11
47	13	58	80	85	46	87	71	26	49	93	96	17	32	72	42	33	75	42	6	29	48	69	85	59	87	67	69	10	92	97	94	5	98	43	7	31	63	17	57	19	98	78	74	92	79	95	82	15	5	84	83	55	98	54	49	46	36	44	98	33	57	13	75	97	14	86	96	41	11	29	35	79	90	33	85	64	96	69	25	37	6	43	55	6	43	27	80	7	16	89	61	72	37	82	70	43	41	73	78
41	86	20	96	49	38	30	95	56	57	34	25	80	27	38	21	19	95	54	17	88	16	22	70	44	16	65	31	34	50	98	88	88	98	40	40	24	27	9	33	27	73	96	59	64	18	21	100	32	75	33	64	58	51	11	50	15	9	89	88	56	37	31	80	37	61	75	61	12	67	26	13	7	28	12	96	29	61	22	90	16	90	53	27	88	20	15	75	82	50	69	26	42	48	89	84	55	88	60	36
86	98	49	32	25	24	17	50	24	37	21	25	21	96	83	60	89	8	47	63	5	31	78	90	77	54	52	15	49	34	93	65	39	74	77	6	83	91	65	100	76	54	93	73	79	85	100	44	43	43	60	19	72	15	99	70	88	9	36	51	72	29	81	89	12	37	82	9	45	69	52	97	88	43	54	66	98	28	8	43	83	14	84	80	85	20	91	75	59	36	44	5	90	62	10	86	32	9	49	37
8	56	93	70	85	50	10	89	52	28	26	76	13	70	47	76	39	61	56	5	49	77	39	63	37	67	62	75	50	21	94	36	59	26	67	98	6	94	89	76	18	32	43	46	55	36	58	23	73	71	74	63	84	93	31	23	99	45	62	57	47	48	96	5	8	61	11	99	96	73	17	20	75	65	11	43	27	75	73	68	58	22	5	86	73	93	48	60	70	78	80	92	94	35	100	38	49	72	78	83
10	87	6	82	46	49	94	53	87	5	57	23	87	10	63	40	49	97	16	75	84	98	53	97	89	47	50	100	89	99	5	90	49	35	47	82	78	14	87	25	80	55	57	50	53	84	38	86	38	5	71	73	22	59	56	77	48	54	75	35	66	63	69	28	54	99	26	11	62	56	17	63	42	55	85	98	90	85	15	94	69	49	82	58	48	38	61	67	71	18	68	22	84	56	86	59	58	92	5	63
10	41	88	44	30	62	58	22	14	96	40	92	63	27	47	76	86	56	98	72	74	69	98	95	24	39	47	35	86	60	96	46	31	90	35	72	17	47	15	41	79	76	50	83	67	36	59	62	78	26	91	15	96	26	81	73	82	24	100	58	68	41	83	89	90	71	75	100	80	66	78	40	20	44	40	43	79	73	54	5	97	75	96	70	89	89	15	73	96	100	56	32	79	72	90	18	31	87	35	19
70	86	9	5	82	44	28	28	74	37	43	7	10	70	6	21	25	53	36	20	15	84	93	16	30	95	38	31	47	92	35	59	62	78	21	96	72	49	25	75	75	44	91	57	92	54	23	100	17	85	26	82	71	33	70	99	63	81	67	51	59	53	67	53	60	51	92	71	47	66	37	6	34	45	33	83	94	97	8	43	50	6	39	52	88	27	46	78	32	16	18	39	57	16	20	78	30	59	57	19
57	50	11	32	11	44	100	68	44	27	82	9	68	79	61	34	82	61	24	93	60	96	47	46	42	60	12	11	8	73	12	33	56	11	76	30	7	10	20	29	89	73	72	97	39	69	51	99	62	18	45	70	41	15	15	94	25	58	66	79	57	37	46	96	35	68	33	6	33	97	20	94	71	6	67	39	83	7	6	52	11	82	18	42	28	84	16	30	57	77	31	96	56	97	79	7	72	42	99	97
26	71	15	75	62	34	84	16	53	29	29	53	13	13	30	52	30	54	31	21	89	32	69	80	16	23	100	32	95	38	9	88	6	95	13	45	14	12	31	9	31	52	52	80	84	91	36	37	80	87	10	85	37	11	26	70	72	75	100	12	44	64	75	9	46	32	11	63	73	54	79	83	60	64	74	6	48	31	40	38	95	19	76	48	7	33	56	77	39	81	58	70	42	7	79	81	16	61	6	26
9	98	94	69	99	46	19	26	74	62	8	5	64	89	56	66	39	52	22	7	46	40	38	26	63	91	57	59	35	31	38	60	30	40	74	90	39	65	35	42	98	93	94	18	58	72	43	6	42	21	38	58	38	81	37	38	51	42	79	95	78	30	89	91	89	80	78	21	8	36	62	24	8	18	30	33	66	61	73	34	16	88	48	37	86	95	60	91	37	49	76	9	30	19	33	42	54	68	58	50
5	39	61	87	50	77	55	33	47	61	6	42	35	43	68	65	53	62	13	73	83	89	72	14	96	93	80	58	99	75	56	21	97	8	82	8	49	37	6	11	41	21	9	94	7	72	67	71	57	76	23	46	34	37	52	31	84	13	47	23	13	39	26	16	32	20	61	63	57	74	99	89	35	40	36	78	63	97	61	41	47	88	68	83	75	21	91	51	74	39	57	70	89	16	18	46	67	42	59	11
82	34	28	97	70	13	46	59	39	25	20	44	18	91	64	74	78	22	37	11	70	14	70	90	89	77	20	58	47	93	49	84	64	94	10	72	64	15	47	72	74	17	38	17	14	31	92	38	70	59	82	58	18	16	31	27	42	69	62	75	92	16	97	70	5	83	28	83	91	83	6	95	20	31	33	76	61	87	20	35	82	35	35	68	84	52	63	73	50	54	8	60	55	21	56	25	66	59	79	26
59	91	44	24	64	53	13	30	93	33	69	30	91	71	80	44	75	77	30	67	23	75	48	18	69	37	31	18	87	52	67	58	56	59	40	11	15	32	45	40	12	46	14	77	90	57	93	75	91	56	32	50	96	20	27	94	8	26	68	44	74	5	90	39	21	27	52	59	25	63	46	22	80	96	91	23	72	55	46	73	61	35	41	37	77	81	43	54	28	85	79	23	87	23	89	40	64	47	67	52
10	41	80	93	68	67	86	62	34	70	52	53	37	87	97	33	96	49	74	45	14	65	28	89	66	30	100	16	72	73	17	52	46	51	59	88	46	61	68	89	20	68	12	77	14	50	56	98	17	11	14	16	71	80	72	93	57	20	50	69	58	65	39	95	98	7	64	53	44	90	17	83	10	45	46	38	5	18	84	52	15	74	93	24	53	93	70	26	38	85	44	31	39	11	45	7	8	19	20	12
16	87	16	69	13	56	44	18	12	68	6	8	54	82	63	55	11	17	60	5	69	13	12	67	11	24	89	27	71	40	71	58	73	61	35	26	60	25	27	33	86	18	84	49	10	57	15	7	55	85	91	83	60	42	42	60	97	29	63	10	89	74	93	12	84	58	39	67	41	76	45	34	70	37	84	80	5	26	75	88	60	8	39	50	31	10	45	76	35	75	30	25	39	69	39	65	93	93	56	28
69	31	63	88	28	31	9	55	90	62	13	87	99	11	20	86	5	56	44	45	80	47	58	28	17	43	65	77	51	95	99	8	89	16	17	81	80	51	10	6	37	81	31	5	52	23	30	53	7	60	89	15	35	44	45	57	9	35	36	20	17	63	47	21	47	28	41	88	91	78	48	24	78	94	77	59	68	91	82	12	64	68	46	33	96	94	81	26	9	71	20	87	89	78	45	68	83	6	99	24
6	79	37	44	97	75	74	85	46	5	94	35	89	75	16	40	26	46	14	96	54	45	90	88	6	46	79	92	54	92	96	51	63	80	6	51	47	35	57	98	77	86	28	22	18	67	14	92	68	25	76	12	31	81	32	24	28	66	60	24	11	90	35	29	41	92	32	98	9	66	13	36	40	11	30	86	20	25	87	55	79	15	97	98	33	34	13	5	68	84	7	83	14	88	46	66	98	86	46	45
93	64	67	6	22	33	91	49	17	14	34	32	72	38	38	26	50	11	36	39	91	44	64	31	87	50	60	63	23	83	50	94	65	82	74	99	67	38	76	79	48	74	11	19	83	88	73	98	86	71	78	41	34	22	97	72	35	87	52	81	19	56	28	70	76	79	47	67	16	13	42	60	36	75	14	50	63	62	74	65	71	41	98	84	20	66	79	44	28	73	58	98	69	86	33	52	89	86	11	55
100	42	76	29	20	29	7	77	33	25	58	91	72	55	11	10	81	34	52	98	60	66	74	34	43	19	18	35	5	6	46	8	91	78	95	26	74	56	24	100	62	82	85	37	78	50	26	96	76	37	15	6	60	31	7	66	87	70	57	21	18	76	48	6	76	73	43	30	91	94	90	77	15	82	45	33	62	43	96	22	97	61	46	38	88	21	86	49	6	32	55	98	20	54	25	97	5	77	83	29
30	79	20	100	45	34	94	20	47	80	83	22	29	88	47	35	75	80	17	61	80	48	56	98	6	47	14	65	43	10	44	88	70	15	25	71	9	41	33	37	26	89	58	48	19	34	45	10	11	28	95	9	63	79	44	11	24	18	37	55	21	68	74	21	42	33	27	60	79	41	33	63	67	58	93	63	71	97	81	20	55	93	29	6	49	20	91	30	28	10	6	87	81	5	7	100	83	38	62	15
14	55	88	57	21	88	60	63	65	22	22	67	33	12	28	43	30	21	43	40	34	83	74	78	93	44	5	20	65	58	93	42	47	59	91	11	87	25	78	58	50	35	70	36	59	5	43	36	72	99	71	76	15	77	60	86	73	90	86	54	76	99	45	47	40	77	73	16	99	5	84	61	80	88	93	11	56	48	13	23	27	41	92	70	24	58	43	82	60	97	5	74	13	53	48	93	80	65	84	38
93	47	40	68	52	61	14	44	91	13	13	45	94	54	63	19	62	82	38	85	77	66	41	8	79	50	72	37	45	90	18	82	73	21	72	30	7	37	68	52	26	85	63	10	91	5	80	31	74	73	21	67	13	5	97	30	63	5	93	9	24	47	86	38	79	93	75	12	29	40	20	21	35	52	44	22	62	35	25	10	23	98	19	5	87	6	10	84	74	32	43	75	45	36	27	61	61	5	42	28
38	42	100	77	9	85	96	91	70	86	17	41	20	12	45	97	19	76	80	52	5	25	39	89	7	74	58	5	27	74	7	54	35	64	52	67	96	10	35	34	63	90	38	19	11	46	24	75	63	87	66	43	22	63	56	94	34	57	91	27	11	76	67	70	10	89	79	29	46	14	35	66	64	56	93	73	90	16	37	17	93	89	91	85	95	53	13	74	20	94	58	26	34	60	97	73	16	8	65	10
84	89	71	59	6	71	55	58	24	87	34	45	56	48	38	58	69	92	9	31	76	36	66	88	22	28	40	46	28	65	78	23	5	56	24	72	20	32	42	6	5	17	12	48	6	40	80	14	98	93	89	33	31	35	100	33	83	83	48	87	76	13	82	12	45	52	28	70	55	8	55	72	9	50	23	74	64	33	23	30	11	15	10	22	89	93	99	36	42	84	91	90	55	25	14	58	65	86	72	28
82	13	10	17	93	11	58	35	95	17	62	34	25	45	33	68	98	52	74	66	97	91	8	32	11	100	9	39	24	16	71	23	53	55	72	36	10	85	26	15	58	52	93	84	84	60	42	71	12	100	6	87	71	71	80	72	73	7	38	30	85	19	71	92	88	34	61	19	95	89	86	89	46	34	96	11	20	52	96	7	24	70	98	74	12	81	85	40	22	82	7	64	30	38	13	10	10	96	30	36
13	12	28	36	12	29	13	62	92	100	73	43	96	83	18	72	24	91	50	85	52	88	37	81	95	8	86	77	91	25	96	20	66	89	78	90	44	72	47	28	84	79	20	11	50	21	83	26	57	69	6	82	10	69	59	20	90	92	81	77	32	12	39	78	55	99	49	7	53	66	57	80	67	25	39	31	91	83	90	69	46	14	10	20	18	30	34	82	80	90	32	47	72	14	56	46	60	84	91	100
62	22	16	91	13	21	74	86	65	86	25	31	7	83	6	25	71	44	32	36	53	39	82	45	58	43	17	64	79	30	100	20	17	5	39	38	37	72	88	69	59	54	31	20	60	69	59	19	62	35	84	87	91	63	76	87	22	76	27	11	56	12	76	56	100	87	83	40	30	66	82	82	37	43	63	21	52	34	59	89	20	12	6	53	66	74	7	17	6	74	45	92	22	94	44	66	39	5	15	83
47	43	73	56	28	72	89	9	41	25	82	79	57	43	45	65	24	23	86	80	47	11	72	45	58	22	20	26	40	26	92	52	7	28	78	10	30	7	43	21	42	97	63	74	44	20	47	24	84	27	25	78	98	41	76	71	24	89	98	9	29	45	17	10	72	95	46	60	29	62	85	13	10	100	25	85	47	62	61	67	78	63	73	91	81	39	48	56	78	70	97	73	7	8	87	90	72	97	88	71
94	47	54	77	66	48	18	30	67	21	39	88	95	33	74	38	5	90	31	94	75	70	68	47	63	50	58	51	97	14	90	97	96	6	29	57	67	42	23	30	39	13	60	33	13	19	34	78	91	94	85	53	5	42	54	30	16	60	84	54	59	11	87	10	91	98	74	13	96	80	66	5	81	36	69	67	20	83	23	36	60	75	34	90	76	100	44	69	16	52	21	28	11	20	11	97	55	79	57	34
12	69	29	40	16	36	9	74	90	43	83	85	45	49	26	90	29	90	7	37	59	56	79	14	31	33	48	90	98	72	48	9	14	52	41	24	69	10	31	17	37	68	57	91	95	32	44	33	73	17	81	92	21	10	82	98	81	28	72	36	38	44	60	24	61	64	20	49	79	47	48	6	64	21	91	56	74	74	7	57	13	90	24	16	92	99	69	57	31	68	30	45	67	69	98	58	47	52	64	96
76	53	58	81	46	87	77	62	85	46	12	5	76	37	60	64	79	84	14	45	99	32	15	54	43	100	44	8	67	50	25	68	86	14	50	30	14	9	78	53	84	75	8	93	99	65	65	5	70	48	40	92	28	78	17	35	71	91	87	41	29	78	45	84	80	95	24	71	13	72	12	89	75	73	86	5	56	10	78	7	97	29	36	47	73	75	15	41	42	90	71	18	20	74	20	80	64	66	80	76
77	53	50	79	94	29	36	73	49	29	85	42	37	89	50	84	29	52	6	25	36	12	95	12	37	75	45	84	71	89	12	96	24	20	29	56	10	7	47	10	26	84	12	60	58	19	89	11	59	78	19	5	21	50	51	96	43	22	82	14	58	32	61	79	79	67	97	66	68	34	76	49	48	92	76	37	77	46	17	56	81	60	30	41	46	92	24	98	80	57	57	43	53	26	14	59	87	35	40	40
60	41	20	8	56	49	89	20	74	50	14	59	76	19	20	18	54	46	38	77	93	13	41	86	36	66	13	51	7	70	10	49	49	23	68	68	51	50	36	59	85	65	56	85	22	16	46	69	9	32	74	73	79	29	98	14	28	15	96	76	95	94	79	100	10	49	30	72	9	49	51	74	97	28	26	99	18	51	99	77	15	92	57	5	36	50	26	86	43	83	97	26	29	48	85	100	49	76	66	10
83	65	41	63	95	67	40	63	50	12	17	99	52	22	26	25	53	77	81	32	16	20	35	29	66	90	30	16	33	27	72	19	45	66	21	38	23	98	58	72	100	87	98	13	8	7	48	91	33	15	85	81	39	55	71	89	24	71	59	47	30	94	77	89	68	55	28	99	34	35	97	87	55	58	74	88	62	44	59	65	35	65	65	93	47	24	11	62	57	61	29	46	13	86	56	41	96	67	71	51
51	52	36	23	26	90	31	7	86	45	40	41	10	80	35	82	20	31	22	89	25	31	94	15	29	66	23	38	69	63	67	27	6	71	95	40	100	65	100	80	14	48	10	13	31	14	52	14	99	61	46	25	97	98	20	74	58	95	44	12	91	87	28	34	94	62	55	25	29	89	52	67	38	46	27	89	42	8	28	63	57	37	98	100	13	36	33	53	63	53	32	77	6	75	72	58	36	10	82	100
94	31	60	52	71	52	50	24	78	81	92	16	38	8	67	85	11	45	73	83	67	82	99	38	59	28	34	68	34	76	44	45	49	83	73	19	56	85	73	81	11	21	16	71	28	26	20	80	5	14	46	82	51	58	87	96	70	10	24	70	46	80	90	44	96	38	71	71	16	70	90	52	7	38	17	65	75	16	97	63	50	85	18	18	95	49	36	89	43	17	83	69	9	58	60	98	54	99	94	13
98	67	27	8	25	89	17	69	36	19	72	70	16	85	28	34	55	15	12	61	46	78	32	90	5	46	90	6	84	22	44	45	48	39	11	88	41	91	66	100	18	55	82	36	6	95	16	32	5	85	57	50	75	43	9	94	69	17	46	94	86	57	69	69	56	45	61	67	92	18	57	43	22	43	100	37	67	92	50	68	89	58	66	65	51	98	53	95	79	32	27	95	100	15	91	100	20	44	10	78
56	36	39	33	15	71	98	80	80	22	98	43	21	35	17	48	5	98	62	98	82	69	76	33	69	25	83	28	33	58	45	47	44	34	67	83	83	20	53	95	40	33	82	37	59	13	47	43	36	69	42	35	30	84	61	31	82	17	83	17	20	40	19	66	57	59	83	5	92	42	26	17	45	91	54	45	16	49	79	13	16	30	31	57	5	24	88	78	88	46	84	67	63	52	95	95	8	14	35	24
44	40	22	45	37	86	46	92	68	86	65	77	85	77	49	5	48	80	98	87	18	59	79	41	63	10	56	21	15	58	29	26	20	90	32	83	72	64	86	43	93	47	96	91	96	81	54	39	56	74	52	94	97	14	15	76	25	99	54	86	96	72	62	48	22	73	86	100	47	35	34	8	52	89	70	39	64	50	45	77	21	77	8	41	90	85	47	46	60	29	75	62	79	54	78	24	15	77	47	89
46	49	47	23	33	82	98	96	90	47	54	14	80	40	88	18	78	8	100	54	95	65	46	10	82	85	53	41	65	89	13	37	29	56	57	89	5	67	55	70	63	99	89	80	95	62	15	64	41	45	28	63	62	55	41	12	75	54	82	63	66	92	72	100	93	13	66	70	50	92	5	67	58	14	72	34	46	43	46	51	59	30	8	12	19	73	96	45	47	37	88	53	95	46	27	67	92	42	76	43
76	97	72	15	58	81	93	50	35	97	40	77	25	65	83	39	80	35	67	49	56	44	90	81	26	42	20	74	36	19	9	21	74	91	66	14	16	29	52	89	85	27	43	15	86	91	79	53	34	8	66	10	87	62	68	7	23	8	26	86	7	55	8	74	19	38	71	73	64	59	93	5	99	45	17	92	42	59	55	35	53	42	56	18	31	29	99	86	68	84	71	57	72	6	74	73	58	26	41	82
89	90	45	49	57	36	85	40	13	82	32	42	62	36	61	17	67	72	62	31	37	54	47	33	99	100	64	98	53	13	99	33	89	51	80	33	17	31	79	46	98	32	6	20	35	25	42	54	68	63	99	65	17	100	52	48	10	23	41	87	79	54	80	81	65	21	52	69	14	59	27	54	17	20	58	95	63	44	28	26	23	78	31	30	59	35	35	13	95	89	45	85	40	33	86	89	30	84	37	48
87	62	8	75	94	17	45	80	20	14	56	26	41	72	61	76	43	16	29	9	72	99	25	78	9	43	55	16	45	39	54	57	84	35	87	27	21	19	68	90	22	19	95	79	79	46	22	18	99	74	96	50	79	72	65	46	74	27	61	16	94	95	14	47	59	63	90	89	68	28	9	73	81	91	20	54	7	59	9	25	91	60	49	28	83	22	29	73	100	66	98	29	57	84	96	89	9	98	18	64
32	69	80	87	31	70	13	42	30	93	14	55	63	9	15	45	31	12	92	36	84	57	47	95	67	92	61	74	63	100	49	75	43	100	21	10	34	77	21	97	45	76	38	19	14	10	82	73	96	27	63	24	76	72	89	36	90	17	94	80	89	35	20	47	13	52	30	72	98	36	10	45	88	74	53	38	6	46	100	59	83	34	74	81	87	28	97	14	48	77	29	17	37	28	96	90	36	85	11	49
34	25	91	88	35	28	7	49	78	44	91	12	16	92	56	67	64	29	60	53	27	88	69	47	20	31	83	29	18	7	5	89	15	18	28	67	90	64	41	84	52	71	86	19	62	60	11	22	67	14	48	72	42	91	50	23	13	7	11	82	73	69	20	5	8	7	95	99	32	91	71	44	8	28	33	18	77	54	82	58	66	84	72	13	76	72	67	98	68	98	57	61	77	43	96	48	34	10	93	65
15	17	82	97	25	64	13	7	47	40	56	83	53	62	77	16	89	35	94	62	27	78	58	13	68	10	57	42	67	14	78	64	37	22	29	27	38	19	5	11	82	62	67	33	23	87	70	38	78	36	65	80	25	94	58	11	76	66	33	50	27	78	57	93	32	19	69	18	20	64	7	24	9	49	29	54	77	88	33	50	28	83	10	62	81	48	62	34	46	80	36	59	6	53	70	72	38	41	53	27
27	70	79	36	60	50	36	94	17	17	52	75	44	47	42	65	11	87	22	18	11	38	70	50	8	21	25	100	66	70	33	56	47	81	22	58	31	95	93	60	38	95	10	78	21	96	32	27	66	20	56	87	92	11	77	94	89	96	21	81	33	61	92	60	15	20	85	81	49	67	48	88	45	78	30	89	7	64	25	27	50	12	68	43	75	71	25	49	78	38	32	15	38	62	19	95	94	64	61	92
57	73	81	45	81	21	82	53	20	88	85	44	19	6	6	38	96	68	14	28	93	19	9	77	52	18	59	86	42	23	77	89	85	97	98	100	67	16	43	17	43	40	77	40	74	49	75	36	71	93	40	83	19	24	63	59	72	51	73	61	99	86	64	31	33	59	84	66	98	27	53	13	49	6	93	12	26	23	87	98	11	97	85	88	72	89	88	46	34	22	39	63	94	65	40	38	61	40	85	22
56	66	74	35	61	22	12	80	93	52	73	50	29	96	100	79	8	11	13	71	47	6	90	83	60	27	59	72	98	89	91	15	25	89	90	72	20	96	57	64	80	74	87	66	75	71	16	66	91	90	97	28	6	90	92	91	64	27	15	44	93	68	57	54	78	46	51	30	38	20	14	57	63	27	27	38	6	94	18	32	76	33	89	29	7	75	11	46	20	6	5	52	31	7	46	97	46	45	11	47
64	29	51	87	66	78	58	55	14	41	56	31	89	61	45	64	15	70	39	48	95	66	73	98	96	99	10	39	89	43	61	40	44	65	51	11	9	12	72	98	9	60	27	98	45	26	5	5	6	71	39	44	61	29	77	76	94	43	75	72	66	7	69	33	92	28	39	76	82	68	92	70	19	84	27	54	34	45	42	67	65	34	51	52	58	36	68	91	10	100	12	53	57	99	8	85	61	6	97	14
65	70	13	12	40	42	40	8	52	36	43	72	15	5	44	73	87	82	34	52	50	75	64	28	12	37	75	21	45	84	72	82	53	83	67	44	79	13	80	22	21	80	22	45	6	13	99	32	36	95	72	32	10	60	94	61	49	37	36	83	5	9	37	52	35	27	75	60	41	31	82	53	92	5	56	43	16	33	30	39	45	19	40	99	23	57	64	40	55	18	37	33	16	42	24	14	93	77	35	67
75	55	12	70	71	76	25	46	85	41	75	90	20	35	23	39	64	65	81	68	5	6	16	30	99	47	36	56	89	45	40	75	53	58	27	20	10	49	41	71	28	30	74	63	20	44	67	72	47	11	26	25	87	85	60	85	43	31	10	32	73	40	82	5	50	14	76	94	63	97	42	86	85	43	12	13	85	36	44	96	96	39	99	10	90	86	100	48	91	68	31	94	60	22	88	20	65	35	50	94
52	59	48	39	19	36	70	52	40	64	96	32	63	66	25	58	47	82	67	25	74	33	91	32	26	70	90	22	68	29	45	6	36	50	52	74	70	72	9	84	14	63	83	43	53	26	79	91	51	33	89	53	96	60	63	35	85	100	94	76	83	93	99	47	52	14	52	51	92	83	62	89	12	49	43	64	14	45	47	84	27	97	100	42	78	45	36	95	71	76	24	44	72	38	100	86	80	72	91	95
88	71	22	51	27	26	42	64	87	62	24	24	10	100	57	46	69	98	92	94	14	97	43	19	99	81	63	48	90	17	99	15	32	21	28	8	79	40	65	90	15	78	83	77	23	27	18	98	12	15	78	63	35	65	70	6	53	90	8	77	34	38	52	32	99	61	40	17	72	21	66	32	27	93	71	80	55	71	68	67	38	29	93	12	88	8	30	37	35	22	47	59	45	84	81	80	76	6	35	38
41	23	44	77	36	77	82	14	48	12	94	30	96	100	81	13	13	49	17	82	49	87	18	18	82	14	18	67	82	28	92	5	36	18	42	68	72	59	88	29	17	77	62	59	39	52	53	61	99	68	73	54	26	6	89	71	65	85	99	71	33	43	89	93	20	98	74	18	43	57	8	92	28	88	84	5	92	83	7	73	16	94	9	95	45	65	62	52	27	39	47	52	53	94	87	21	61	27	11	98
54	85	18	98	68	69	27	12	25	86	47	48	22	70	14	29	72	84	51	36	70	91	55	11	24	95	55	39	6	80	94	67	37	80	53	8	100	62	25	63	39	50	57	80	79	81	61	65	43	54	50	54	88	76	95	43	8	58	50	25	57	9	17	20	34	57	61	17	65	82	88	80	66	10	95	72	85	42	56	88	51	83	57	80	72	17	21	68	58	39	14	69	22	36	94	5	78	93	88	10
64	80	56	52	38	23	64	34	78	19	24	18	26	27	35	75	93	41	82	32	56	57	80	43	32	60	55	45	62	67	52	35	35	45	100	87	99	67	21	77	24	7	31	63	50	91	82	79	12	64	77	73	12	9	90	49	34	81	68	51	72	95	86	82	43	24	29	43	34	18	41	43	13	31	51	20	100	40	26	59	28	31	51	97	77	40	82	21	69	57	85	11	9	67	96	38	98	76	77	15
91	34	94	73	78	55	36	62	88	13	78	38	75	32	28	68	6	43	45	80	72	8	87	66	70	60	14	83	21	29	54	85	95	57	27	51	11	85	60	97	65	88	7	13	30	97	79	68	44	54	51	51	92	71	98	80	49	82	28	91	73	86	51	82	79	66	50	32	62	82	58	34	11	72	77	22	30	13	82	58	35	97	37	90	36	89	41	52	97	39	13	36	73	48	29	27	98	54	53	45
24	80	56	6	63	62	70	44	42	98	83	66	46	30	50	62	12	59	66	61	96	61	71	7	55	27	80	59	87	92	45	43	42	28	53	27	19	76	37	90	98	55	81	45	93	83	64	18	10	52	38	54	83	22	96	81	62	48	8	53	19	94	26	20	68	33	82	61	23	98	83	12	96	84	84	96	99	82	61	6	83	13	24	81	43	57	33	53	49	98	69	92	80	84	48	62	92	5	87	30
 
